001
002
003
003.0
004
004.9
005
005.0
006
006.0
006.1
006.2
006.3
006.4
006.5
006.6
006.8
006.9
007
007.0
007.1
007.2
007.3
007.4
007.5
007.9
008
008.61
008.69
008.8
009
009.1
010
010.0
010.1
010.8
010.9
011
011.0
011.1
011.2
011.3
011.4
011.5
011.6
011.7
011.8
011.9
011.9
012
013
014
015
015.0
016
017
017.1
017.2
018
020
020.0
021
022
023
024
025
026
027
027.0
027.1
027.2
030
031
032
033
034
034.0
034.1
035
036
037
038
038.2
038.4
038.9
039
040
041
042
043
044
045
046
046.0
046.1
047
048
049
050
050.0
050.1
051
051.0
051.1
051.2
052
052.0
052.1
052.2
052.7
052.8
052.9
053
053.0
053.1
053.10
053.11
053.12
053.13
053.14
053.2
053.7
053.8
053.9
054
054.0
054.1
054.2
054.3
054.4
054.5
054.6
054.9
055
056
057
057.0
057.9
058
058.1
058.2
058.8
059
059.0
059.01
059.1
059.11
059.12
059.2
059.21
059.22
059.8
059.9
060
061
062
062.9
063
064
065
065.8
066
066.4
070
070.0
070.1
070.2
070.3
070.4
070.5
070.7
070.70
070.71
070.9
071
072
072.9
073
074
074.0
074.3
075
076
077
078
078.0
078.1
078.11
078.2
078.3
078.4
078.5
079
079.3
079.4
079.6
080
081
081.0
081.1
081.2
081.9
082
082.0
082.1
082.2
082.3
082.4
082.40
082.41
082.49
082.8
082.9
083
083.0
083.1
083.2
083.8
083.9
084
085
086
087
088
088.8
088.81
088.82
090
091
091.0
092
093
094
095
096
097
098
098.0
098.4
098.8
098.86
099
099.0
099.1
099.2
099.3
099.4
099.5
099.8
099.9
100
101
102
103
104
110
110.0
110.1
110.2
110.3
110.4
110.9
111
111.0
111.9
112
112.0
112.1
112.2
112.3
114
115
115.0
116
117
118
120
121
122
123
124
125
126
127
127.0
127.1
127.2
127.3
127.4
127.5
127.6
128
129
130
130.9
131
131.0
131.01
131.02
132
132.0
132.1
132.2
132.9
133
133.0
133.8
133.9
134
134.0
134.1
134.2
134.8
134.9
135
136
136.0
136.1
136.3
136.4
136.5
136.9
137
138
139
140
141
142
143
144
145
146
147
148
149
150
151
152
153
154
155
156
157
158
159
160
161
162
162.0
162.2
162.3
162.4
162.5
162.8
162.9
163
164
165
170
170.9
171
172
173
174
176
176.0
176.1
176.2
176.3
176.4
176.5
176.8
176.9
179
180
181
182
182.0
183
184
185
186
187
188
189
189.0
190
191
192
192.0
192.1
192.2
192.3
193
194
195
196
197
198
199
200
200.0
200.1
200.2
200.3
200.4
200.5
200.6
200.7
200.8
201
202
202.0
202.1
202.2
202.3
202.4
202.5
202.6
202.7
202.8
202.9
203
203.0
204
204.0
204.1
205
205.0
205.1
206
207
207.0
207.1
207.2
208
209
209.0
209.1
209.2
209.3
209.4
209.5
209.6
210
211
211.3
212
212.0
212.1
212.2
212.3
212.4
212.5
212.6
212.7
213
213.9
214
215
216
217
218
219
220
221
222
223
224
225
226
227
228
228.0
228.1
229
230
231
232
233
234
235
236
237
237.0
237.7
238
238.4
239
239.2
240
240.9
241
241.0
241.9
242
242.0
242.9
243
244
244.0
244.1
244.9
245
245.0
245.1
245.2
246
246.2
249
249.0
249.1
249.2
249.3
249.4
249.5
249.6
249.7
249.8
249.9
250
250.0
250.1
250.2
250.3
250.4
250.5
250.6
250.7
250.8
250.9
251
251.2
252
252.0
252.01
252.1
253
253.3
253.6
254
255
255.0
256
256.2
256.39
256.4
257
257.2
258
259
259.0
259.1
260
261
262
263
264
264.0
264.1
264.2
264.3
264.4
264.5
264.6
264.7
264.8
264.9
265
265.0
265.1
265.2
266
266.0
266.2
267
268
269
269.0
269.1
269.2
269.3
270
270.0
270.1
270.1
270.2
270.3
270.4
270.5
270.6
270.7
270.8
271
271.0
271.1
271.2
271.3
271.4
271.8
271.9
272
272.0
272.1
272.2
272.3
272.4
272.5
272.6
272.7
272.8
273
273.0
273.1
273.2
273.3
273.8
274
274.0
275
275.0
275.1
275.2
275.3
275.4
275.41
275.42
275.49
276
276.0
276.1
276.2
276.3
276.4
276.5
276.52
276.7
276.8
277.0
277.1
277.2
277.3
277.4
277.5
277.6
277.7
277.8
277.81
277.82
277.83
277.84
277.85
277.86
277.87
277.88
277.89
278
278.0
278.1
278.2
278.3
278.4
279
279.0
279.00
279.01
279.02
279.03
279.04
279.05
279.06
279.09
279.1
279.10
279.11
279.12
279.13
279.19
279.2
279.3
279.4
279.5
279.8
279.9
280
280.0
280.1
280.8
280.9
281
281.0
281.2
281.3
282
282.0
282.2
282.5
282.6
283
283.0
283.1
283.2
284
284.0
284.01
284.09
284.1
284.2
284.8
284.81
284.89
284.9
285
285.0
285.1
285.2
285.21
285.22
285.29
285.3
285.8
285.9
286
286.0
286.1
286.2
286.3
286.4
286.5
286.6
286.7
286.9
287
287.0
287.3
287.31
287.4
287.9
288
288.0
288.1
288.2
288.3
288.4
288.5
288.50
288.51
288.6
288.60
288.61
288.62
288.63
288.64
288.65
288.66
288.8
288.9
289
289.0
289.1
289.2
289.3
290
290.0
290.1
290.2
290.3
290.4
290.8
290.9
291
291.0
291.1
291.2
291.3
291.4
291.5
292
292.0
292.1
292.11
292.12
292.2
292.8
292.81
292.82
292.83
292.84
292.85
292.89
292.9
293
293.0
293.84
294
294.0
294.1
294.8
294.9
295
296
296.0
296.1
296.2
296.3
296.4
296.5
296.6
296.7
296.8
296.9
297
298
299
code
299.1
299.8
299.9
300
300.0
300.01
300.02
300.1
300.11
300.2
300.21
300.23
300.3
300.4
300.5
300.8
300.81
300.9
301
301.1
301.2
301.3
301.4
301.5
301.6
301.7
301.8
301.81
301.83
301.9
302
302.0
302.1
302.2
302.3
302.4
302.5
302.6
302.7
302.71
302.72
302.72
302.75
302.76
302.8
302.81
302.82
302.83
302.84
302.85
302.89
303
303.0
303.9
304
304.0
304.1
304.2
304.3
304.4
304.5
304.6
304.7
304.8
304.9
305
305.0
305.1
305.2
305.3
305.4
305.5
305.6
305.7
305.8
306
306.1
306.3
306.4
306.8
307
307.0
307.1
307.2
307.23
307.4
307.41
307.42
307.45
307.46
307.5
307.51
307.52
307.6
307.7
307.8
307.81
308
308.0
308.1
308.2
308.3
308.4
309
309.0
309.2
309.8
309.81
310
310.0
310.1
310.2
311
311.0
312
312.3
312.30
312.31
312.32
312.33
312.34
312.35
312.9
313
314
314.0
314.00
314.01
314.9
315
315.0
315.1
315.2
315.3
315.31
315.32
315.34
315.39
315.4
315.5
315.8
315.9
316
317
318
319
320
320.0
320.9
321
321.0
322
323
323.6
323.9
324
325
325.0
326
327
327.0
327.1
327.2
327.3
327.4
327.5
327.51
327.8
330
330.0
330.1
331
331.0
331.1
331.2
331.3
331.4
331.5
331.8
331.81
331.82
331.83
332
332.0
333
333.0
333.1
333.2
333.4
333.8
333.81
333.9
333.99
334
334.0
334.1
334.2
334.3
334.4
334.8
334.9
335
335.2
335.20
335.21
335.22
335.23
335.24
335.29
336
336.0
337
337.0
337.00
337.01
337.09
337.1
337.2
337.3
337.9
338
338.0
338.1
338.2
338.3
338.4
339
339.0
339.00
339.01
339.02
339.03
339.04
339.05
339.09
339.1
339.10
339.11
339.12
339.2
339.20
339.21
339.22
339.3
339.4
339.41
339.42
339.43
339.44
339.8
339.81
339.82
339.83
339.84
339.85
339.89
340
341
341.0
341.1
341.2
342
342.0
342.1
343
343.0
343.1
343.2
344
344.0
344.1
344.2
344.3
344.4
344.5
344.6
344.8
344.81
344.9
345
345.0
345.1
345.3
345.4
345.9
346
346.0
346.1
346.2
346.9
347
347.0
348
348.0
348.1
348.2
348.3
348.31
348.4
348.5
349
349.0
349.8
349.81
349.82
350
350.1
351
351.0
352
353
353.0
353.6
354
354.0
354.1
354.2
354.3
354.4
354.5
354.8
354.9
355
355.0
355.1
355.2
355.3
355.4
355.5
355.6
355.7
355.8
355.9
356
357
357.0
357.5
357.9
358
358.0
358.01
358.02
358.1
358.2
358.8
358.9
359
359.0
359.1
360
360.0
360.00
360.01
360.02
360.03
360.04
360.1
360.11
360.2
360.3
360.4
360.40
360.41
360.42
360.43
360.44
360.5
360.6
360.8
360.9
361
361.0
361.1
361.2
361.3
361.8
361.9
362
362.0
362.01
362.1
362.10
362.11
362.12
362.13
362.14
362.15
362.16
362.17
362.18
362.2
362.21
362.3
362.30
362.31
362.32
362.33
362.34
362.35
362.36
362.37
362.4
362.5
362.51
362.53
362.6
362.7
362.74
362.76
363
364
364.0
364.1
364.2
364.21
364.24
364.3
364.4
364.41
364.5
364.52
364.6
364.7
364.73
364.8
364.81
365
366
367
367.0
367.1
367.2
367.3
367.31
367.32
367.4
367.9
368
368.0
368.00
368.1
368.2
368.4
368.41
368.5
368.54
368.6
369
369.0
369.1
369.12
369.2
369.3
369.4
369.6
369.7
369.8
369.9
370
370.0
370.2
370.24
370.3
370.33
371
371.0
371.1
371.2
371.3
371.4
371.5
371.50
371.51
371.52
371.53
371.54
371.55
371.56
371.57
371.58
371.6
371.7
371.8
371.9
372
372.0
372.1
372.2
372.3
372.4
371.5
371.57
372.7
372.72
372.81
373
373.0
373.1
373.11
373.2
374
374.4
374.41
375
375.1
375.15
376
376.0
376.01
377
377.0
377.00
377.01
377.02
377.03
377.04
377.1
377.10
377.11
377.12
377.13
377.14
377.15
377.16
377.2
377.21
377.22
377.23
377.24
377.3
377.30
377.31
377.32
377.33
377.34
377.39
377.4
377.41
377.42
377.43
377.49
377.5
377.6
377.7
377.71
377.72
377.73
377.75
378
378.0
378.1
378.2
378.3
378.30
378.31
378.32
378.33
378.34
378.35
378.4
378.5
378.56
378.6
378.7
378.72
378.8
378.86
378.9
379
379.0
379.2
379.24
379.4
379.41
379.45
379.5
379.54
379.9
379.93
380
380.1
380.12
380.4
381
381.01
381.1
381.81
382
382.0
382.01
383
384
384.21
385
386
386.01
386.11
386.2
386.35
387
388
388.01
388.12
388.2
388.31
388.4
388.42
388.7
388.71
388.72
389
389.0
389.01
389.03
389.1
389.12
389.14
389.9
391
391.9
392
394
395
396
397
398
401
401.0
401.1
401.9
402
403
403.0
403.1
404
405
405.0
405.01
405.1
405.11
410
410.0
410.1
410.2
410.3
410.4
410.5
410.6
410.7
410.8
410.9
411
411.0
411.1
412
413
413.0
413.1
414
414.0
414.1
414.10
414.11
414.12
414.8
414.9
415
415.0
415.1
415.11
415.12
415.19
416
416.0
416.1
416.2
416.8
416.9
417
417.0
417.1
417.8
417.9
420
420.9
420.91
421
421.0
422
422.9
422.91
423
424
424.0
424.1
424.2
424.3
425
425.0
425.1
425.2
425.3
425.4
425.5
425.7
425.8
425.9
426
426.0
426.11
426.12
426.13
426.3
426.4
426.6
426.7
427
427.0
427.3
427.31
427.32
427.4
427.41
427.5
427.6
427.8
427.81
427.89
427.9
428
428.0
428.1
428.2
428.3
428.4
429
429.0
429.1
429.2
429.3
429.4
429.5
429.6
429.7
429.71
429.79
429.8
429.81
429.82
429.83
429.89
429.9
430
431
432
432.9
433
433.0
433.1
433.2
434
434.0
434.00
434.01
434.1
434.10
434.11
435
435.0
435.1
435.2
435.3
435.9
436
437
437.0
437.1
437.2
437.3
437.4
437.5
437.6
437.7
438
438.0
438.1
438.10
438.11
438.12
438.19
438.2
438.20
438.21
438.22
438.3
438.4
438.5
438.8
438.81
438.82
438.83
438.84
438.85
438.9
440
440.1
440.2
440.21
440.23
440.9
441
441.0
441.3
441.4
441.9
442
443
443.0
443.1
443.2
443.21
443.22
443.23
443.24
443.29
443.82
443.9
444
446
446.0
446.1
446.2
446.21
446.3
446.4
446.5
446.6
446.7
447
447.0
447.6
448
448.1
451
451.1
451.11
451.19
451.8
451.82
451.9
452
453
453.4
453.41
453.42
453.9
454
454.0
454.1
454.2
454.9
455
455.0
455.2
455.3
455.4
455.6
456
456.0
456.1
456.4
457
457.0
458
458.0
458.2
459
459.8
459.81
460
461
461.0
461.1
461.9
462
463
464
464.0
464.3
464.4
465
465.9
466
466.0
466.11
470
471
472
472.0
473
473.0
473.1
473.9
474
474.1
474.11
474.9
475
476
476.0
477
477.0
477.2
477.9
478
478.1
480
480.31
480.9
481
482
482.9
483
483.0
485
486
487
487.0
487.1
488
488.1
490
491
492
492.0
492.8
493
493.0
493.1
493.2
494
495
496
496.0
500
501
502
503
504
505
506
507
508
508.0
508.1
510
511
511.0
511.1
511.8
511.81
511.89
511.9
512
512.8
513
514
515
516
516.3
517
517.1
517.2
517.3
517.8
518
518.0
518.5
518.81
519
519.2
520
520.0
520.1
520.2
520.3
520.4
520.5
520.6
520.7
521
521.0
521.1
521.2
521.3
521.4
521.5
521.6
521.7
521.8
521.81
522
523
523.1
524
524.0
524.03
524.1
524.2
524.3
524.4
524.5
524.6
524.7
524.8
525
526
526.0
526.1
526.2
526.3
526.4
526.5
526.6
526.8
526.81
527
527.0
527.1
527.2
527.3
527.4
527.5
527.6
527.7
528
528.0
528.1
528.2
528.3
528.4
528.5
528.6
528.7
528.6
528.7
529
529.0
530
530.0
530.1
530.3
530.8
530.81
530.85
531
532
533
534
535
535.0
535.6
536
536.3
536.8
537
540
540.0
540.9
541
542
543
550
550.9
551
552
553
553.0
553.1
553.2
553.21
553.3
553.9
555
555.0
555.1
555.9
556
556.9
557
557.0
557.9
558
558.9
560
560.1
560.3
560.9
562
562.1
562.11
562.12
564
564.0
564.1
564.2
564.4
564.6
565
565.0
566
566.0
567
567.0
567.1
567.2
567.21
567.22
567.23
567.3
567.31
568
568.0
568.8
569
569.3
569.61
569.62
569.85
570
570.0
571
571.0
571.2
571.4
571.5
571.6
571.9
572
572.2
572.4
573
573.3
574
574.3
575
575.0
575.9
576
576.0
576.1
576.2
576.3
576.4
576.5
577
577.0
577.1
577.2
578
578.0
578.1
579
579.0
579.1
579.2
579.3
579.4
579.8
579.9
580
580.9
581
581.9
582
582.9
583
584
584.5
584.9
585
586
587
588
588.8
588.81
588.89
589
590
590.1
591
592
592.0
592.1
592.9
593
593.2
593.6
593.7
593.73
594
595
595.0
595.1
595.82
596
596.0
596.4
596.5
596.51
596.52
596.54
596.55
597
597.81
598
598.0
598.1
599
599.0
599.6
599.7
600
600.00
600.01
601
601.0
601.1
601.9
602
603
603.9
604
604.9
605
605.0
606
606.9
607
607.1
607.3
607.84
608
608.1
608.2
608.3
608.82
610
610.0
610.1
610.2
610.3
610.4
611
611.0
611.1
611.2
611.3
611.4
611.5
611.6
611.7
611.71
611.72
611.79
611.8
611.81
611.82
611.9
614
614.0
614.6
614.9
615
616
616.0
616.1
616.2
616.3
617
617.0
618
618.00
618.01
618.03
618.04
618.1
619
619.0
620
620.0
620.1
621
621.2
621.3
622
622.0
622.1
622.4
622.7
623
623.5
624
624.1
625
625.0
625.1
625.2
625.3
625.4
625.5
625.6
625.7
626
626.0
626.1
626.2
626.6
627
627.1
627.2
627.3
628
629
630
631
632
633.1
633.9
634
635
636
637
638
639
640
640.0
640.03
641
641.0
641.1
641.2
641.9
642
642.0
642.1
642.2
642.3
642.33
642.4
642.5
642.6
642.7
643
643.0
643.1
643.9
644
644.0
644.1
644.2
645
645.1
645.2
646
646.0
646.1
646.2
646.3
646.4
646.5
646.6
646.7
647
647.0
647.1
647.2
647.3
647.4
647.5
647.6
648
648.0
648.1
648.2
648.3
648.4
648.5
648.6
648.7
648.8
648.83
648.9
649
649.0
649.1
649.2
649.3
649.4
649.5
649.6
649.7
650
651
651.0
651.1
652
653
654
655
655.73
656
656.0
656.11
656.31
656.53
656.61
657
658
658.0
658.03
658.1
658.8
659
659.1
659.7
660
660.01
660.11
660.41
660.61
661
661.0
661.1
661.3
662
662.1
663
663.1
663.3
664
664.04
664.14
664.24
664.34
665
665.3
666
666.04
666.14
667
668
669.51
669.70
669.70
669.9
670
670.04
671
671.44
672
673
674
675
675.14
675.94
676
676.24
678
678.0
678.1
679
680
680.0
680.1
680.2
680.5
681
681.0
681.01
681.02
681.1
681.11
681.9
682
682.0
682.1
682.2
682.3
682.4
682.5
682.6
682.7
682.9
683
684
685
685.0
685.1
686
686.0
686.1
690
690.1
690.11
690.18
691
691.0
691.8
692
692.0
692.1
692.2
692.3
692.4
692.5
692.6
692.7
692.71
692.72
692.75
692.8
692.81
692.83
692.9
693
693.0
693.1
694
694.0
694.1
694.2
694.3
694.4
694.5
694.6
694.8
694.9
695
695.1
695.10
695.11
695.12
695.13
695.14
695.15
695.19
695.2
695.3
695.4
696
696.0
696.1
696.2
696.3
696.4
696.5
696.8
697
697.0
697.1
697.8
697.9
698
698.0
698.1
698.2
698.3
698.4
698.9
700
701
701.0
701.1
701.2
701.3
701.4
701.5
702
702.0
702.1
703
703.0
704
704.0
704.1
705
705.1
705.83
706
706.0
706.1
706.2
706.3
706.8
706.9
707
707.0
707.1
707.9
708
708.0
708.1
708.3
708.9
709
709.0
709.01
709.1
709.2
709.3
709.4
709.8
709.9
710
710.0
710.2
710.3
710.4
710.5
710.9
711
712
712.1
712.2
712.3
712.8
712.9
713
713.1
714
714.0
714.3
715
715.09
715.11
715.14
715.15
715.16
715.17
715.9
716
716.1
716.9
717
717.1
717.42
717.7
717.9
718
718.0
718.1
718.2
718.3
718.4
718.5
718.6
718.7
719
719.0
719.1
719.2
719.3
719.4
719.5
719.7
720
720.0
720.1
720.2
721
721.0
721.1
721.2
721.3
721.4
721.5
721.6
721.7
722
722.0
722.1
722.2
722.3
722.4
722.5
722.51
722.52
722.6
722.7
722.8
723
723.0
723.1
723.2
723.3
723.4
723.5
723.6
723.7
724
724.0
724.1
724.2
724.3
724.4
724.5
724.6
724.7
724.79
724.8
725
726
726.0
726.1
726.12
726.3
726.31
726.32
726.33
726.4
726.5
726.6
726.61
726.64
726.65
726.7
726.71
726.72
726.73
727
727.0
727.00
727.03
727.04
727.05
727.06
727.1
727.4
727.42
727.43
727.6
727.62
727.67
727.8
727.83
727.89
728
728.0
728.1
728.2
728.3
728.4
728.5
728.6
728.7
728.71
728.8
728.84
728.85
728.86
728.87
728.88
728.89
729
729.0
729.1
729.2
729.3
729.4
729.5
729.6
729.7
730
731
732
732.7
733
733.0
733.1
733.2
733.3
733.4
733.5
733.6
733.7
733.8
733.9
733.90
733.92
734
735
735.0
735.2
735.4
736
736.1
736.2
736.7
736.8
736.81
736.89
736.9
737
737.1
737.2
737.3
737.9
738
738.0
738.1
738.2
738.3
738.4
738.5
738.6
738.7
738.8
738.9
739
740
740.0
741
742
742.1
742.3
743
743.0
743.00
743.03
743.06
743.1
743.2
743.3
743.4
743.45
743.5
743.6
744
744.0
744.1
744.2
744.22
744.23
744.3
744.4
744.5
744.8
744.81
744.82
744.83
744.84
745
745.0
745.1
745.2
745.3
745.4
745.5
745.6
745.7
746
746.1
746.2
746.3
746.4
746.5
746.6
746.7
746.8
746.81
746.82
746.83
746.84
746.85
746.86
746.87
746.89
747
747.1
747.11
747.2
747.3
747.4
747.5
747.6
747.8
747.81
747.82
747.83
747.9
748
748.0
749
749.0
749.2
750
750.0
750.1
750.2
750.3
750.4
750.5
750.6
750.7
750.8
750.9
751
751.0
751.1
751.2
751.3
751.4
751.5
751.6
751.7
751.8
751.9
752
752.0
752.1
752.2
752.3
752.4
752.42
752.5
752.6
752.61
752.62
752.63
752.64
752.7
753
753.0
753.1
753.2
753.3
753.4
753.5
753.6
753.7
753.8
753.9
754
754.1
754.3
754.5
754.51
754.6
754.8
754.81
755
755.0
755.1
755.5
755.54
755.55
755.9
756
756.1
756.12
756.16
756.17
756.2
756.3
756.4
756.5
756.51
756.6
756.7
756.8
756.81
756.82
756.83
757
757.3
757.32
757.39
757.6
758
758.0
758.1
758.2
758.3
758.31
758.32
758.33
758.4
758.5
758.6
758.7
758.8
758.9
759
759.0
759.1
759.2
759.3
759.4
759.5
759.6
759.7
759.8
759.81
759.82
759.83
759.89
759.9
760
760.7
760.71
760.72
760.75
761
761.1
762
762.5
763
764
764.0
765
765.1
766
766.0
766.21
766.22
767
767.0
767.1
767.11
767.2
767.9
768
768.3
768.5
768.9
769
770
770.1
771
771.0
771.1
771.2
771.3
771.4
771.5
771.6
771.7
771.8
771.81
772
772.0
772.1
772.10
772.11
772.12
772.13
772.14
772.2
772.3
772.4
772.5
772.6
772.8
772.9
773
773.0
773.1
774
774.2
774.3
774.3
774.39
775
775.0
775.4
775.6
776
776.0
776.1
776.2
776.3
776.4
776.5
776.6
776.7
776.8
776.9
777
777.3
777.5
778
778.0
778.1
778.2
778.3
778.4
778.5
778.6
778.7
778.8
778.9
779
779.0
779.1
779.2
779.3
779.31
779.32
779.33
779.34
779.4
779.5
779.6
779.7
779.8
779.81
779.82
779.83
779.84
779.85
779.89
779.9
780
780.0
780.01
780.02
780.03
780.09
780.1
780.2
780.3
780.31
780.32
780.39
780.4
780.5
780.50
780.51
780.52
780.53
780.54
780.55
780.56
780.57
780.58
780.59
780.6
780.7
780.71
780.72
780.79
780.8
780.9
780.91
780.92
780.93
780.94
780.95
780.96
780.97
780.99
781
781.0
781.1
781.2
781.3
781.5
781.8
781.9
781.91
781.92
781.94
782
782.0
782.1
782.2
782.3
782.4
782.5
782.7
782.8
782.9
784
784.0
784.1
784.2
784.3
784.4
784.41
784.49
784.5
784.6
784.60
784.61
784.7
784.8
784.9
784.91
785
785.0
785.1
785.2
785.3
785.4
785.5
785.50
785.51
785.52
785.6
785.9
786
786.0
786.03
786.04
786.05
786.06
786.07
786.09
786.1
786.2
786.3
786.4
786.5
786.51
786.52
786.6
786.7
786.8
787
787.0
787.01
787.02
787.03
787.1
787.2
787.3
787.4
787.5
787.6
787.9
787.91
788
788.0
788.1
788.2
788.3
788.30
788.31
788.32
788.33
788.34
788.35
788.36
788.37
788.38
788.39
788.4
788.41
788.42
788.43
788.5
788.6
788.63
789
789.0
789.1
789.2
789.3
789.4
789.5
789.6
790
790.0
790.1
790.2
790.21
790.22
790.29
790.3
790.4
790.5
790.6
790.7
790.8
790.9
790.91
790.92
790.93
790.99
791
791.0
791.2
791.5
792
792.1
793
793.1
793.8
794
794.1
794.15
794.3
794.31
795
795.0
795.5
796
796.2
797
798
798
799
799.0
799.1
799.2
799.3
799.4
799.8
799.81
799.89
800
801
802
803
804
805
806
807
808
809
810
811
812
813
814
815
816
817
818
819
820
821
822
823
824
825
826
827
828
829
830
831
832
833
834
835
836
837
838
839
840
841
842
843
844
845
846
847
848
850
851
852
853
854
860
860.0
860.1
860.2
860.3
860.4
860.5
861
861.0
861.1
861.2
862.21
862.22
861.3
862
862.0
862.1
862.2
862.3
863
864
865
866
867
867.0
867.1
867.2
867.3
867.4
867.5
868
868.0
868.00
868.01
868.02
868.03
868.04
868.09
868.1
869
870
871
872
873
874
875
876
877
878
879
880
881
882
883
884
885
886
887
890
891
892
893
894
895
896
897
900
901
902
903
904
905
906
907
908
909
910
911
912
913
914
915
916
917
918
919
919.0
919.1
919.2
919.3
919.4
919.5
919.6
919.7
919.8
919.9
920
921
921.0
922
923
923.3
924
924.3
925
926
927
928
929
930
931
932
933
934
935
936
937
938
939
940
941
942
943
944
945
946
947
948
949
950
951
952
953
953.0
953.1
953.2
953.3
953.4
953.5
953.8
953.9
954
955
955.0
955.1
955.2
955.3
955.4
955.5
955.6
955.7
955.8
955.9
956
957
958
958.0
958.1
958.2
958.3
958.4
958.5
958.6
958.7
958.8
958.9
959
959.1
959.13
960
961
962
963
964
965
966
967
968
969
969.0
969.1
969.2
969.3
969.4
969.5
969.6
969.7
969.8
969.9
970
971
972
973
974
975
976
977
978
979
980
980.0
980.1
980.2
980.3
980.8
980.9
981
982
982.0
982.1
982.2
982.3
982.4
982.8
983
984
985
985.0
985.1
985.2
985.3
985.4
985.5
985.6
985.8
985.9
986
987
987.0
987.1
987.2
987.3
987.4
987.5
987.6
987.7
988
988.0
988.1
988.2
988.8
988.9
989
989.0
989.1
989.2
989.3
989.4
989.5
989.6
989.7
989.8
989.9
990
991
991.3
991.5
991.6
992
992.0
992.3
993
993.0
994
994.0
994.1
994.2
994.3
994.4
994.5
994.6
994.7
994.8
994.9
995
995.0
995.1
995.2
995.20
995.21
995.22
995.23
995.27
995.29
995.3
995.4
995.5
995.55
995.6
995.60
995.61
995.62
995.63
995.64
995.65
995.66
995.67
995.68
995.69
995.7
995.8
995.81
995.82
995.83
995.86
995.89
995.9
995.91
996
997
998
999
999.1
999.8
